$ANSIBLE_VAULT;1.1;AES256
31353538313236343765653666386533373035343464373863643763666632666161376535636436
6566636237306161376264616431653537353432653764650a316661646231343431643362373665
32663437616632343663373832303731633662636237313939623638323433346539303431376263
6665626165343030380a326466386338363566363965313261656632613530653533373437653937
65653732666436653736646565303732653334613437363035326534383732636235626131363334
63623066623831623137303466343563643466333164333732376662653563613764343064613461
65303731323038373535623031353866316139313330303534626330656632356666316532373564
62653536323961633134356439663262626138376262623561333262366639616438616464613832
37633136353765653039383135623865316133663633373333653765306431316134666330363164
65333835333634343765396563396337633031336635323238663830343263336263356236663139
39396139393731346531643632323037306537386664313336323662306162323662633465643664
30323237303766633832366232316266313861663765336466376539306130353665366362643366
35383464636266653937373536336139303861613363623739303463623764326562306336653463
62663362643863643237316261383234636438393461336366623564633231303734646432326631
64316463653030326532396332383237373333373437663539333964613935323033373732353131
34633166643635373630646662356136386330346261326662646537306661383533323265333766
61343133326430393764383363383062366461633936633162356438646163303138346463393432
39383232323236323166313466343230333838333961353237343931323238336632346335663134
35636436363364363930373834353061306635313661643765393733646265633261376366346434
62326437333965333062613264336433633034353332383637663937613337373364323364623635
30613566383436376638366565326364376464386637306265316366323037396438306661636338
32393638663464323561333638326566326661366663313336633238373436313835353831303839
35343738613238663462343265323962366464393462333839613830616536343964626234663261
30373030656566323361336365653137306564313834386532346137383234663131653437343565
35306139363434356134656636653165316166363663353239636130666432323762306237643164
33616335383731343962333331653664313164643666313639376564333563663530383731343337
32373536323730666330613534393936393433353131623861393938316466643564653232373735
65313334386466356136363133633630346463316132323861376233336161356331663433626139
64356165383730636632313466343536396664356262306131336465363164646263333463383733
31306535616239383032303131336364353261346338656334616235333535366536633238373562
39646137623332373962353839613633633764373930376438316464653136313338386339653465
63386264373331383833643163623533666632363461313766653863363662643536393533326638
64343437343936623763316565663232393630363162333237313938643530626461626166346361
65616231363839623765663738386431613731303964353638633238646230356236323736353535
38646561393631646537633537326230323735613062646538646130363337666633393233323264
61616535663230306636623363316331396465393662393138333736626562613632636361306138
38343963333830363135383431373437613335363435323932623935353732306135333236313139
64643532366239323839616664656335366563316439373530633866366635366239303538366339
64663461386130343264633432373631346338386232313361646165306366373035316462343638
65356239393938366663323131376437356635353033643531336664393136613731356533356630
62346165663333383564333665396563636433386433323637383564323139386465363839386166
63306266343932333830616535393765663366313666346664333033623835646533383230623664
33663961326138303630626563653234383336333736376438623233343038393638393738373535
36363664363266363761306162396632303064376263633634343634616665643361386537663564
63633431653363366364373262333863386431616463313736386531306430353737613665393561
31356135313261393663303566323962626439613633386138623836653863356235626534303633
39383736323164353763303235653733653266303366336361646564393164356464666235643362
33316432393937326463366135653161323030323566316664313236663566333836376336626432
66363462343932313863643965663737333464396162623265623662303865363130643336336161
37326364383238663737333461623735623237393461626466376330643032626266663930666439
35643032373961643535663531613137633538623965343235663938333039663136323361363266
33366230626330383365663531323733666530343837616630306637613935666137653932666465
38336436356435663437626662623830333539306637333162376563393736633632663463316539
63623633623166343363613830613434653030613931613466656437303633303762366633643064
30376263643063623638613661643439636361386566376433303762313538313766306531346335
34303161386635643237336636343336663837336263323537653937623137633232613762626232
31383665636130643332636561333837613936633836633634323135393134313762666666316437
32353630636430313630356536343639313663663735386636663265313132373937386662376561
39393763393630653465633539666534393232313063396265616164373039303232376265623862
35346566656566653433653061373238613635643865376534346262383139333130303034326430
62313461313364636538346131663139396638663936346666643264313162343138623732623361
33363164366234643766343233663938633037653935323233663866366531313933303433393030
66373261396437336433356634373236386334353037616465393439343539643562316132366661
66313333656638353662616235636461363930656337396435393337663030636561653263616165
39646265316663666339306339303064613935663530663966326633343438376631396564353566
30303832363931363836613737393438303966643361353932353661383065373735366438356134
35303663656130336130303437396432386638623035353137356533666639626361663831313335
32646335393837346266616666363533623032373835633065363964383531363934323165336230
30386430393533383233356536313238326162653761343766623936313864353832353638616630
30633435303862333530663036316133306433616261353930653363343163376365666566313465
62663639623539353038663161663837646639346661646134653338363661303830303765313130
64323030653732623736386164336635393739313731643730393362376338313433363863623435
33666234386630343261653133386136336465646230623766613865336135373064653063613738
31373436356261643835636464316439626133393664623932316664613161656634386331383235
62613039633332316138636562396436353964666630366133643435643832633762323037323563
35653631333438363665643039363231623332333337343533343238343565326139333363373136
39306632393666306432623932616131633765366430323733303162303065373437363438333637
36366539386236666538356234323564313733613532636464313763656431323630336437383238
61316436303434643630663532303035666461633232393661656139333734653637383364323431
35623161396535386461613238363266633935336235643838306166313931353563373863343237
30643365303563353563643430306130663635383862313633383031333264343861343730386531
64653434386432373031636662616436373436386462656233343438346532626362636361613664
65343263343031646562663336393565373262633432303765623030333464363233393366613534
35623639643039356465643132646461333833316437623461393262363366663631356136363331
31383466376538316333633834383034303637323461396431353362613937343139313639653364
37613039623832653436343130623632336462396661363563373437383862616631306131643839
38323432663535323466303333313562653832623232646464356162663535643765653133303837
31613265333935646636626366326130393434643138663162343464383634306565343261393336
39666563646138306262643866343736626239313964356131323938633565633737306339373332
33373739306337306666383939613862393436376234613365336339326436633836323431303636
38653031353231643938393032326364366133646131323033386332373733373863313966613030
36646264346163663163346238353432316165383932333363353266343164313539646130343034
35356262653664383661646463313365636630363061373062353261376165626366306238613166
63636135376662393539656237333636326364306537373565396334663234386538666465663034
66333735636163383830646566616666376364626161623438303736656332323963646533343165
63366335323134336162356464613435393330383931313437303330363266663632666235613464
36663364356533656532626661623663396136616136343631316661343635393136643962633532
64376339373036303431306138326661373933393630353039653936353663663965636561643561
64303964623032383932346162396535346564386138653761333639393062613033346238326539
37643738616463343939613633303966646536396434356465636561633039386633353530343038
62396666323964333363353031356365386661623365373164633530656333333135376134643564
65383361343034313133623762353034323731356163303431323366636137316236393738323439
38623639663130646539626464343139356637356263333264653064353965353336636565343765
65376233636461326130373165326338616437636666666330323964616537653639633230343335
31316164393939653237313464313664613861336563353635386163666632636261663639306432
39373433313231376261306664613465353738323564653937306539333530633232323763623262
61346631643464313036666234626233396632303337653030386439383637343036336561323630
36626533626666316437303936643261376464623534343439353633616634643331376630323532
37663636343562366536616562323634633732316666653830356433373863633863356230623765
33616134393836313031643762663536323864353865383831356564653431366130393764633335
64393666386332356336663632643737343565333266326462643831363635323839666464343436
61633662373837336233373339616632323163316537313238313432316265636532376133653166
63616634383239303532646333643062663361653632333266633034323338303633393065326134
32306433346163303164303462373366323336316136626362613761653839363935326264306665
63646532363031363663333966353766366330623336303862653835353133343032346531366662
65656461353161626636626164653737336633623562353661633335666334646634343137663466
62313463646138656565613830653666613433303136626431366539633631306162393533386638
66316430383232373564646661613836306161336665353030613734613432316332666365643639
64326361666666366532346666663861366134636462646137363662303435353561383065663061
30323865346633313034613266636232633535346537303731356337366430303630623037613366
65323636326132313236626366373530353334633737383631666139643764366365386138343835
36313566353835333830653865373531646338393535643434633431656237326137663932366439
38343466656131306562653130343862633833353732393265303332646131393436353961633132
30313136613637306331326330666137323764313830663435376363653761666332623334653338
38333230646635333965303064636234613063643430396333343362343931313838313736663263
66353661623234356230633639636262313366326563346665323637646334663464333338613035
65343063303838626666396633326661666130623463643638396138353934336339663864613164
37313964633162343139393066306563373938326666323536636530346563356466303362633431
38356431616637383832646235633764363639656366383237666137616264366330376437646630
62636632353332313131313935306633353438376466353337623864633637386435663838393766
37663865626166623131643239363231356633393739643636386237616239303663386138623061
39643339613566656132323035343661313533633737343964643033346635616162326466623862
38613531316130363831663062346363613134646662306261333537343234353435383737316437
32373761313661333162316133393233653932313737386339323762356438326366396636393737
37363937363830663830386234323939353233316636626434393830336637393833366363386132
32643061613965356163613134316535333437336461643630336437656666373139636564643637
3839
